location_pose:
  - {
      location_name: "7f_choilabo",
      frame_id: "map",
      translation_x: 0.2094843,
      translation_y: -0.3082826,
      translation_z: 0.0000000,
      rotation_x: 0.0000000,
      rotation_y: 0.0000000,
      rotation_z: 0.0048624,
      rotation_w: 0.9999882,
  }

  - {
      location_name: "7f_f_flont_elevator",
      frame_id: "map",
      translation_x: 4.2893944,
      translation_y: -0.4573898,
      translation_z: 0.0000000,
      rotation_x: 0.0000000,
      rotation_y: 0.0000000,
      rotation_z: -0.0022898,
      rotation_w: 0.9999974,
  }

  - {
      location_name: "7f_f_in_elevator",
      frame_id: "map",
      translation_x: 5.9229422,
      translation_y: -0.3799099,
      translation_z: 0.0000000,
      rotation_x: 0.0000000,
      rotation_y: 0.0000000,
      rotation_z: -0.9999843,
      rotation_w: 0.0056063,
  }

