location_pose:
    - {
        location_name: "init",
        translation_x: 0.0183219,
        translation_y: -0.0200396,
        translation_z: 0.0000000,
        rotation_x: 0.0000000,
        rotation_y: 0.0000000,
        rotation_z: -0.0090768,
        rotation_w: 0.9999588,
    }

    - {
        location_name: "table_1",
        translation_x: 3.4507310,
        translation_y: -1.6369405,
        translation_z: 0.0000000,
        rotation_x: 0.0000000,
        rotation_y: 0.0000000,
        rotation_z: 0.0106085,
        rotation_w: 0.9999437,
    }

    - {
        location_name: "table_2",
        translation_x: 3.2835583,
        translation_y: -2.9795226,
        translation_z: 0.0000000,
        rotation_x: 0.0000000,
        rotation_y: 0.0000000,
        rotation_z: -0.6762478,
        rotation_w: 0.7366742,
    }

